8.451201689605981615e-01
3.388697818164018161e-01
-4.018143819846193288e-01
-1.565969731036538581e+00
-9.897793743612558481e-01
-1.164725097297965029e+00
-1.479996253206003143e+00
1.568959984487530823e+00
4.338016069756101545e-01
-1.415045252491328176e+00
-6.911360340958990767e-01
4.454105380503848854e-01
1.710388729967927401e-01
8.434081518566086677e-01
6.901637461750311786e-01
1.144201365488274558e+00
-2.690144131163855756e-01
1.790574579248528586e+00
6.713313521529326033e-01
-4.273025776196249792e-01
1.925736453090143074e+00
1.224130079044466246e+00
1.623900024480315896e-01
-4.628756890451927730e-01
1.069416493829193460e+00
6.525289132485067034e-01
1.066008596526460073e+00
-6.126895152164414382e-01
2.125303079600785239e+00
5.659875513655997503e-01
1.148844048460625933e+00
-9.805807361843165149e-01
5.648554930511837102e-02
1.250563560982991929e+00
2.409739323455790394e-01
7.412618751060088274e-01
-1.652052588393211785e+00
6.805571091634317060e-01
3.225728649236005996e-01
-8.470068705803244224e-01
-4.319950097791682153e-01
-8.629821009042724089e-01
-2.355416579957930745e-01
5.868540689975064728e-01
4.708524014806564351e-01
1.015026410195144058e+00
-4.996735095734596843e-01
1.513744597751983223e+00
-1.288184797577191842e+00
8.772722468578810773e-01
-6.358736708907323232e-01
-1.800722753617087571e-02
1.028607154864770792e-02
-5.370251089514110898e-01
2.052184444738443525e-01
-6.738501861353581868e-01
-1.826099800637073223e+00
-1.897772904340603084e+00
3.165691237854538209e-01
1.978291422280375800e+00
-1.572683242119211178e+00
8.587647561412228292e-01
4.268154450038211256e-01
1.520812213372688904e+00
5.544819177335857940e-01
-1.044690365574817648e+00
1.033575346254009819e+00
-1.419560513564622983e+00
-6.088193770681488148e-01
2.145775837197062830e-01
-3.768014783360910114e-01
6.268973063892743225e-01
-8.472889661229298097e-01
-1.182899863530890716e+00
-6.138959967374307825e-01
3.713697478701782906e-01
-6.219317517841177478e-01
1.056069828713321668e+00
7.177554459355084404e-01
-1.173835909814633649e-01
2.932658763633406718e-01
2.145843268688976124e-01
-1.608875083252047089e+00
8.306805105088829189e-01
8.561802644282576757e-01
5.742923322825681520e-01
-1.711161785332545371e+00
-1.726277780538592044e+00
-1.153647513364234767e+00
-3.099696043425952396e+00
-5.082127067310001634e-01
1.316327362329104300e+00
9.190250567345982224e-01
1.415348684629254450e+00
-6.039301662587722719e-01
6.841432521834072134e-01
-4.662856482768101274e-01
-2.510836938796724427e-01
-4.388259631474130534e-02
-1.218471600200172977e+00
2.459281476950728518e+00
-1.319161164218464855e+00
-1.643852787649344505e+00
-5.656524384797646521e-01
1.220502781609705600e+00
1.445692955117276135e+00
-1.768185006410801119e+00
-3.294924148937121711e-01
1.178128256143692321e-01
-1.706794557764719500e-01
-1.539758325574711595e+00
-8.818999866611136260e-03
3.326602237715980404e-01
3.154511084342397798e+00
-2.285147442295163867e+00
-7.437293623447287505e-01
4.954210041690111366e-01
1.435096761514759178e+00
5.011756598641657623e-02
-4.414388790287170072e-02
1.182150872226388483e+00
1.225907858602518274e+00
-1.263193752012552684e+00
1.048444879386735362e+00
-8.678697557701186005e-01
-1.413796944636034336e+00
-1.982593893209218805e-01
2.673438886692015015e-01
7.293041824455683830e-01
-1.075484736902118765e+00
2.958684005182549148e-01
3.463868131484604262e-01
6.289430852228649060e-01
8.220242404523132596e-01
-1.369780605195408674e+00
-5.449282317454344771e-01
-1.977444978526185837e+00
-3.051840543985578358e-01
-9.153163612169880059e-01
-1.292438919960618438e-01
2.148670873357800548e-01
1.072601891505589267e+00
5.687694611210717399e-01
7.849644329369336315e-01
9.590389816023333625e-01
-6.697283996796360439e-01
-1.080272084556159751e+00
4.755267359084481837e-01
3.006021887106338775e-01
-3.669902289712159149e-01
-7.855318926969744320e-01
1.777901580276548821e-01
8.332090927502285860e-01
2.009869469356168725e+00
5.568505333278177538e-01
9.362191212916980421e-01
3.609641262495654757e-01
4.662754173752758358e-01
4.352698757972112142e-01
-1.670249502998671698e+00
-1.764422890605660710e+00
-2.782887661400644586e+00
-7.273706212341772837e-01
2.755031232844128430e-01
-1.021388995769189206e-01
3.202208483630500258e+00
2.737225710031325754e-01
6.524244696335272931e-01
8.475300714314929484e-01
-1.007074787741532917e+00
2.463715191030755036e-01
-6.525377463233283937e-01
2.032516873351295050e+00
1.882667335536662712e-01
-5.314634078760558378e-01
2.304640025591035979e-01
6.401057841283063210e-01
1.056523823588911171e+00
9.569344651325137341e-02
-9.192338747113852904e-01
5.842158487840359848e-01
4.584309377370923699e-01
6.757727177522203643e-01
-6.198397016029475459e-01
1.429067253873254728e+00
1.209596821805622585e-01
3.254305883144588685e-01
-2.399261248501292965e+00
-9.556863168581697376e-02
-4.628187123319590229e-02
-1.638147622898761258e+00
-9.761708865520739575e-01
-2.124887405390208928e-01
1.387167524019071507e+00
1.321938908053119865e+00
-4.609283182630855014e-01
1.219886479503884624e+00
7.910883961202993531e-01
-1.214461641782730722e-01
-1.352727131400390581e+00
-3.948224697965145580e-02
1.228276507931032491e+00
2.228627264182012901e-01
-3.188813295579773777e-01
6.983707595511298161e-01
6.045470547729341337e-01
-3.381152829863957598e-01
-1.105914324971717377e+00
-1.077380532027534032e+00
7.878081484322214667e-01
4.673766169945343663e-01
-5.562035242494248743e-01
-1.299476338517813190e+00
-1.050284253653743560e+00
1.012031571927030305e+00
1.770786555031442777e+00
3.398706228460552925e-01
-5.382050191216338764e-01
-4.069192408054724264e-01
-1.188589770365474502e-01
4.800853402712227935e-01
-4.243018473558936576e-01
2.451557640406586691e-01
-8.076574515747405592e-01
9.348525012892909825e-01
-5.750871169307942843e-01
-8.590006688628584186e-01
5.441103136824312347e-01
-4.745534869334629424e-01
5.660832523244335723e-02
9.956067048903742556e-02
-8.242583655091123562e-01
-3.126386582451431972e-01
-2.731278567267766189e+00
3.164261829085155964e-01
4.186531288524923955e-01
-2.148165206645141545e+00
1.254634531556823696e+00
6.493391660506435681e-01
6.994346876216953612e-01
7.749947078975925885e-02
-3.758585001803167458e-01
1.528180105844554326e+00
5.793749990065929500e-01
-4.285022021958019844e-01
1.887901258346534883e-01
9.902388101820307209e-02
-7.089870248154840349e-01
-4.857916394130395998e-01
6.147632852189285346e-01
-4.989948435360974099e-01
8.426290252003473258e-01
5.992399962486785192e-01
1.608466895387650419e+00
-5.834832613521504507e-01
6.314254258983281742e-02
-1.598573860652303669e+00
1.137762025862054216e+00
-2.628802799018645220e-01
6.403115657496126767e-01
-1.118349027472578389e-01
-1.599356259813361769e-01
1.543335407250124414e+00
8.463548185178235150e-02
-4.932800271410150983e-01
-5.111155668530206198e-01
-7.418840822690357939e-01
1.076038780514501914e-01
-5.988952430608094346e-01
7.139725117215994787e-02
6.035853864155154014e-01
-4.220559989210741492e-01
-5.769226195221019982e-01
9.204712175946532238e-01
-1.368248314919897624e+00
-2.866103090152202215e-01
8.861730068321264087e-01
1.089906982803158009e+00
1.613608183605875324e+00
7.417369016913637481e-01
-9.071722788749120303e-01
5.767820746335987625e-01
5.763649010235222248e-01
-3.637592639914429271e-01
2.589946614460719165e-01
-6.630952799558177402e-01
6.658217720002117535e-01
-1.150825243342137316e+00
7.860994747499256974e-01
1.277772281544091504e+00
-9.415354521709287661e-02
-3.687593575677524660e-01
-1.767507357524662759e-01
3.939696043811633519e-01
5.261034667460879888e-01
2.416739834061050751e-01
7.525737686395086445e-01
9.889648803453383596e-01
-8.520186669677746183e-01
2.027482596601227482e-01
1.448512646995522957e+00
7.059063389663532417e-01
3.314471269515643637e-01
5.103586815566081292e-01
-1.011337429996918891e+00
-2.547700613631404543e-01
-5.720706032876364810e-01
1.542983692049590738e+00
3.374031944809144923e-01
2.897787565212482930e-01
-8.513763336987522079e-01
-7.108382801661601302e-01
-4.761474993974336156e-01
-1.300815779378350134e+00
-2.292420388097531347e+00
7.901295709062091666e-01
1.034721340184692862e+00
-1.130408943588407933e+00
6.943608751250147648e-01
-6.956980921791386940e-01
-1.589809858697992961e+00
1.966321965945915906e+00
2.372202231099728831e+00
4.688777339427466773e-01
-5.091927537547406013e-01
9.205172004595326696e-01
-1.348128566744815071e+00
4.754391184725475367e-02
1.746581687597082155e-01
-4.171700828472769129e-01
-1.389012074801224961e-01
5.765837597285798921e-01
9.812329690356987877e-01
-1.025482262579293868e+00
4.224741743590567644e-01
4.404432994385254485e-01
1.061232346817448269e+00
1.512832769572117542e+00
6.850976683688397850e-02
3.715153669731130481e-01
-2.286953600927934815e-01
2.045356649255517301e+00
-1.978887760029937604e-01
8.776021746246650546e-01
-1.110921530828897108e+00
5.648422038065114004e-01
1.602038256053852638e+00
2.294244974054749919e-01
-1.243338154608419233e+00
1.382871326739283813e+00
-3.391727753318899419e-01
5.501827524563019933e-01
7.671219402938588283e-01
4.224476135145172062e-01
5.837465024540364755e-01
1.454115869307615570e-02
-6.427777746549852012e-01
3.019668235010857793e-01
-8.722744278664483764e-01
4.525043589953022249e-01
-1.697848715546213638e+00
-1.772216923601347416e+00
7.379853741034622105e-01
-1.246318351258939749e+00
-9.050013073896683302e-01
1.111498456916582694e-01
-5.545595025588812010e-01
-9.262892134490926521e-01
5.719534296301872489e-01
3.985735245843668451e-01
1.356900702882659904e-01
-4.676886499679615977e-02
5.532713874554197053e-01
-1.424950148214496393e+00
4.757803147933163390e-01
-1.947887040682869886e+00
-8.365208327162000634e-02
1.733517904024955758e+00
-9.275158875754042909e-02
-1.224600863076944268e+00
2.107109306681924643e-01
-1.590595390215423954e+00
-7.208985840059397576e-01
-9.685549149268510849e-01
-1.658397570406185517e+00
-2.442001646065706522e-01
-4.903054153215897215e-01
6.666209252717213429e-01
7.698967856405013466e-01
-6.282599270073143671e-01
6.133789497879087449e-01
2.861304498840739480e-02
1.039732040376185468e-01
-1.529022389083176892e+00
8.126325316714450020e-01
8.123576168983787094e-01
2.207554477908552082e-01
5.811184873940698770e-02
5.987077922571261077e-03
-6.742104047505680375e-01
-4.976596774730341344e-01
1.516424221948638795e+00
-3.793365513261186539e-01
-9.768297307691311548e-01
-1.895577924422071403e+00
3.129365028108017921e-02
-1.769451444389004147e+00
7.712866892661469631e-01
-5.065537719513255738e-02
4.867942695844419687e-02
2.201269727957279321e-01
-2.190593714570894437e-03
-9.666249695386879282e-01
-1.628292418093303939e-01
-1.586297957686027216e+00
-9.919806743049058850e-01
-1.322894826281127534e+00
-1.701147311440075471e+00
-2.134767865339862958e+00
-1.698636206042064556e+00
-2.827237463530685169e-01
-1.290918543336552760e-01
7.016370767144404219e-01
-5.546847330434168111e-01
9.500503128107223860e-01
-3.760737387584229263e-01
1.093518954094282236e+00
-7.811099600277221500e-02
-1.531624279456143656e+00
-9.409083794558088520e-01
1.294717137676086427e+00
-5.343111814017310612e-01
-7.947233488273646174e-01
2.995116208669829083e-01
1.509899365256835102e+00
-6.527358130067875130e-01
2.749560482284442164e-01
6.120010662191117667e-01
9.448985985922518926e-01
-2.048383539568146450e+00
1.202469298961315936e+00
-5.694174018480974153e-01
-1.343444926586258859e-01
-8.741175462721231249e-01
-3.197861315176223629e-01
1.640386073471076678e+00
4.494283964798511111e-01
-1.586943158979597923e+00
8.737535307986986632e-01
2.315752169317990827e-01
-1.547979973562229716e+00
-1.780993540929340035e+00
-7.878946186877590352e-02
5.379718650625214815e-01
1.421259901076977750e+00
-4.828622159635459488e-01
-5.933920211658848531e-01
1.115808322930887719e+00
8.817109180166117222e-01
1.038871410632263986e-01
-8.159650718287497773e-02
-5.758038855158654767e-01
2.475192588487120857e-02
-3.754130682383995388e-01
1.113557984600308304e+00
-2.025318804702700981e-01
9.143621114130053018e-02
6.006118748944923036e-01
9.402774209512793080e-01
2.014900349039685512e-01
-6.010847750417562807e-01
-5.134482753198963412e-01
-7.085494181126976709e-01
-7.385336270015427917e-01
-1.238579081587138087e-01
1.802977237039723457e+00
1.261290646106799640e+00
-1.925845625033747732e-01
-7.507754076985014846e-01
4.774194519756324584e-01
6.252787736652228867e-01
-1.623539588472254991e+00
5.876092742487135645e-01
-1.524192886764424715e-01
2.115331831997683487e+00
4.300896476471144370e-01
-1.470070026605590829e+00
3.792413851982822104e-01
-1.543892426775929305e+00
1.204823720080129501e+00
1.027937462399703544e-01
-1.053805847597895085e+00
1.344908671182958558e-02
4.306262819201507885e-01
-3.279537972943817326e-01
-8.766805627197000739e-01
2.069648531078275955e+00
2.021411868428383052e+00
1.522567335220238238e+00
-1.627039588371083922e-01
-6.226424262411355270e-01
-2.743005585284877257e-01
2.166902896968017078e+00
-6.547150842960153261e-01
-5.343533143579147771e-01
2.837106833920361934e-02
9.514834711623562091e-01
-1.665375192674365845e+00
-1.045820210651646098e+00
-8.455020127137193864e-01
-3.720707203423033738e-01
7.271473400424626199e-01
2.206147321160952135e+00
1.260773518348617776e-02
2.739087004049516882e-01
1.044960973002464044e+00
7.325982627677883607e-02
-1.680343524289050761e-01
-1.274606336722422073e+00
1.077448994788435116e-01
2.243175674478281589e-01
-5.863366951866512133e-01
2.542317004824833360e-01
1.079793646384024329e-02
-6.255214375601213517e-01
-1.057832533731817515e+00
-1.038838868998403914e-01
1.051016734227940397e+00
-7.353749802483890985e-01
3.818090581507452841e-01
2.825436868717008942e-01
8.051827984677235872e-02
-1.259083590582608547e+00
-5.195443435811573085e-01
2.010871587545565442e-01
-8.515236036265579900e-01
-1.290673261427480956e+00
-1.154790661221980486e+00
1.351033393092548607e-01
8.303132428984602020e-01
-4.767267611901409574e-01
-1.176480366405315170e+00
-1.920964931909387552e+00
-5.525538276790689651e-02
-9.020115783373230389e-01
5.083403264220768270e-01
1.056952117652391276e+00
-1.258861931671290346e+00
-2.335005884971292356e-01
8.645554547582657845e-01
1.992219092532819147e+00
2.111614202119501682e-01
6.213552589145505678e-01
9.238034510835407831e-01
4.772859087124367572e-02
3.323344711459775280e-01
-7.243753485851494034e-01
9.437233318491614620e-01
1.199883789309101445e+00
1.017486666027305642e+00
-4.886040154786297496e-01
-8.579544578957523093e-01
-2.470888625432090979e+00
-1.075989338190325828e+00
-2.783642086639849800e-01
-2.281967260526118757e-01
1.629952781432811415e+00
5.725934401058466183e-02
-4.557801228999364684e-01
2.103939811542735239e+00
-5.810844191265502889e-01
-8.813892135924381588e-01
9.929895904876757939e-02
4.012738626849225720e-02
1.421670072933356455e+00
-2.854767614641331996e-01
-7.814995677601060953e-01
1.049483587798561324e+00
7.711124468211087990e-01
6.119313691290475532e-01
6.454203054110558835e-01
3.233696532400385237e-01
1.589443944744005410e+00
-4.330344493560177588e-01
4.386732242098053125e-01
-1.382710549179541615e-01
2.502817397833100532e+00
2.536361891602695096e+00
-2.249325788843886120e-01
1.131173945908869660e+00
-4.723730986868251991e-02
-1.316904099550898488e-01
-4.335390052309488762e-02
8.466766685838870155e-01
4.331454259323132550e-01
1.294661762168500818e+00
-8.054133872791275905e-01
-8.842896977236063272e-01
-1.505648972992146728e+00
1.573252005274225818e+00
1.161595431296508663e+00
5.891842967452826096e-02
-4.580904321185479411e-01
-1.500055604288844657e+00
1.561103548369287886e+00
1.427507744026294267e-01
7.127909690723310820e-01
-6.991005701324007893e-01
1.535509112139825882e+00
-2.972263756006435775e-01
-5.760385345666083623e-01
-6.535077675812712983e-02
-8.435215213712381477e-01
1.271595779527052050e+00
-5.265295312470149591e-01
-9.708498426974370155e-01
1.108993317356474329e+00
-1.089233616783162883e+00
-8.608008724361583264e-01
-2.012481237427330427e-01
1.023675939369667054e+00
-4.482563912030613357e-02
2.258126519816386624e-01
-1.792026167259393871e-02
-1.404769739609495804e+00
-1.153943715115587576e+00
-1.483916814578635890e+00
2.765469494093602432e+00
3.514057784716233257e-02
-5.117528685697877444e-01
6.109852095371743896e-01
-8.294082656812757914e-01
-6.976464651694551655e-01
-6.141166345074904331e-01
-8.745638341780632707e-01
3.113181013747025605e-01
-1.057829346190338082e+00
-1.611118595276586518e+00
1.938586563070075597e+00
7.454033000850710522e-01
-1.563923736050986668e-01
9.523629557862528516e-01
1.504472272487849871e+00
1.105527793727547614e+00
-1.399239293159067810e+00
-4.687251419285877740e-01
1.081687715139731054e+00
-1.430880052564241556e+00
6.283693345567589184e-01
1.323185572930098086e+00
6.069922149953548285e-01
-1.037832740872036030e+00
-4.252588507451426358e-01
-5.989321772109039710e-01
-8.507549056897104611e-01
2.353051307969175721e+00
-4.600526537296343865e-01
8.840061517734136842e-01
3.090971026738819627e-01
-1.267647972027182268e+00
6.808324046941243157e-01
-9.183743839323419422e-01
9.741507023623516837e-01
-7.385883482443560133e-02
1.267492397689947481e+00
2.390162432514801427e+00
2.443164355295544876e+00
-5.919689686874081147e-01
1.176061888363870933e+00
8.736525633798497559e-01
-9.312221105906749452e-01
8.270278591717798999e-01
-8.506042136190986591e-01
-2.275808888084081272e-01
-2.806963597569679947e-01
-1.089974926767633523e+00
-6.076066236583615998e-01
-6.462820744200362677e-01
3.997097157154372860e-01
-9.544883449538538178e-01
6.024994095920974679e-01
-3.789325814539951098e-01
-4.064615256115940434e-01
5.177641345720352950e-01
1.011803078731129540e-01
6.947469959471189727e-01
-7.881759805574649613e-01
1.417734794552024891e+00
3.736477342871674101e-01
3.293580860738191673e-01
4.726546348237585238e-01
1.157232154178473804e+00
9.978539972546589532e-01
1.229653708396385214e+00
-1.199050566915368515e-01
6.232418703867551590e-01
7.211136201429423354e-01
2.008128273123050977e+00
-4.672698438758263739e-01
4.064121051098795734e-01
7.933512902136725664e-01
-6.620851342897493552e-02
1.429319163626878997e-01
3.285613872626839682e-01
9.114104424949808214e-01
3.719283040192890577e-01
-1.514282204267738852e+00
1.190542888004613165e+00
-7.270724699692638904e-01
-3.646161953816154377e-01
-7.341141504013353192e-01
-3.968468715219222731e-01
-6.035284548421812056e-01
-7.648190955449641892e-01
2.122898638064255744e-03
-2.258923057743400520e+00
8.896688524502507356e-01
1.394275232752133775e-01
1.281479883613490856e+00
1.404287605231461677e+00
-2.629350409205039041e-01
-3.396778747419385014e-01
-2.108756391273566067e+00
1.031622540010068700e+00
2.502455873795211616e+00
-7.323200583637359262e-01
1.179534997777494043e+00
1.626477412529252486e+00
-1.075354273248241066e+00
-1.493986477570825866e-01
1.860433764666439005e-01
-8.955782983494667837e-01
2.908466238176291574e-01
1.477372692618087235e+00
-9.573420097882923141e-01
-2.867351435329195120e-01
7.104044425043694044e-01
-3.741306528645594875e-01
4.736773862895199971e-01
6.420983497530888817e-01
3.592804372273626368e-01
1.049956193673527549e+00
-2.911953850276936817e-02
3.438881865247048197e-01
5.973740215005912679e-01
-4.215658210230332492e-01
1.475642458394152090e+00
-1.322966819091835777e+00
-1.111023800583779808e+00
1.218503652857001907e+00
-1.504265809843108537e+00
-8.730474723990631070e-01
9.504946445868968363e-02
-1.365547702573697564e-01
4.164262186856447223e-01
1.926283402937830069e-01
4.923226648341817446e-01
7.033087047848737283e-01
3.175103494203624921e-01
-1.492264655385702410e+00
9.541475823698325476e-02
1.016187440191425928e+00
3.296918811638151481e-01
4.863934215508680659e-01
-6.491434387723582500e-01
1.372557115549474238e+00
-1.763662399303253414e+00
1.356492884833596202e+00
-3.427516154484976790e-02
-1.505794906994221805e+00
-1.175361937332657591e+00
1.102542885662903593e+00
-1.541670297036855930e-01
8.828370784708508001e-01
1.910797738169603965e+00
8.627304724360753685e-01
-7.806126304226916890e-01
1.757172987554390664e+00
6.870669076382982521e-01
3.576885446885013087e-01
9.982019239091844964e-01
-1.718769286494293558e-01
1.181103734357946966e-01
-7.733371627159807415e-01
-1.180008181477738338e+00
2.650669275813801296e+00
3.107417742476056843e-01
4.909024392901442102e-01
7.683355525377284501e-01
1.435594508350599430e-01
-1.597596810276195267e+00
5.754244461268558375e-01
7.526117331092153639e-01
9.021366547533036240e-01
7.044300563021053119e-01
-1.814551420121534475e+00
7.961280968522451706e-01
-7.968080275068686325e-01
-1.096502202453813135e+00
-6.005902719019742264e-01
1.665982450857316444e+00
7.652547073139008837e-01
1.350773049405546711e-01
3.223204811537842551e-01
-1.659976397080652255e+00
7.002405397409330878e-02
-3.663013933336421446e-01
-9.765968051770097524e-01
8.887758705987800489e-01
3.126127397189549378e-02
-1.058814893024214943e+00
1.505565401090780631e+00
-1.079275244045940774e+00
-1.319828761567389541e-01
1.143828435330116688e+00
-9.581593544842632593e-01
-1.538964390489200085e+00
-1.842790145358762510e+00
-1.351269411005351084e-01
-1.217082815967543308e+00
-1.425824863855799318e+00
-7.767656610902345937e-02
6.320544454028328429e-01
-5.291561744438518788e-01
-4.006332570228431922e-01
3.660999884784495451e-01
-1.567283124633395808e+00
1.433283127310682747e+00
-2.162024724185199198e-01
2.341154324535683173e+00
-6.185689126247008174e-01
-3.153137429793150259e-01
6.679238304416442729e-01
-9.094156425763070262e-01
5.004967126839912073e-01
7.319606166589796015e-01
-3.293157487111703086e-01
-2.927645626219048669e-01
7.445851682787177905e-01
-1.535058954934187536e+00
1.517572305142577793e+00
-3.703012140424549181e-01
-4.671485801493127643e-01
9.886785075710015080e-01
-1.549347851725811909e+00
3.878623967361957692e-01
-2.896991265023257101e-01
6.064582375578744244e-01
2.147521446692677305e-01
1.076781875886166029e+00
6.121172117853960204e-01
5.202401143241526249e-01
-6.877033068517156567e-01
4.704853162310179693e-01
-3.543282525608875133e-01
-9.706137728979870039e-01
-1.197616817029576897e+00
-4.900964988237877656e-02
-1.739293330115246894e+00
1.526023622871054641e+00
3.916494838082517638e-01
1.266864060787803448e+00
1.088712790490324211e+00
5.160960698462352392e-01
-3.729280537431903797e-01
1.479037249679405086e+00
-1.152435259258923539e+00
-1.111630985733536248e+00
1.289950060607294891e+00
-6.386980378381300616e-01
1.149151723501801836e+00
2.644985392205389391e-02
2.959386766464505159e-01
-6.110435154434706861e-01
-2.736518898137424216e+00
-5.531597556603752297e-01
-1.233394659824475825e+00
2.238291885593033825e+00
-6.642580509373902098e-01
-6.502570194205953280e-01
2.340277508621387836e-01
-9.975427399477615475e-02
-5.123301414653557151e-01
-8.147895836807306225e-01
1.047826435000531520e+00
-5.409192446371013929e-01
1.799750370002936584e-02
-9.308926963778776376e-01
3.951348596251738621e-01
-5.129706028810092633e-01
-5.928816200557901483e-01
-1.803694096865312291e-01
-1.020607196689051088e+00
-5.857971026033281792e-01
-8.799958381310072353e-01
-7.142653705745474757e-02
1.494067373846291291e+00
-4.200230770996685736e-01
6.392625744945960031e-01
-1.462801996075384858e+00
1.009975551368038071e-01
1.762523041217031461e-01
-1.230263934393337893e-01
-1.756441303371685914e+00
2.918979394714276698e-01
4.307666658009876581e-01
-4.630333134029945841e-01
1.695559733472538078e-01
1.279933682155737440e+00
-9.211157222405015332e-01
1.991179783078076138e-01
-4.143844198517924737e-01
-3.936787801183881386e-01
-5.856222103263927226e-01
-3.116232805675193118e-01
-4.761682825869875124e-01
-4.129899888708761235e-01
-1.679905586567090880e+00
3.227895048839060123e-03
-5.501123079261289323e-02
-1.156555907714358788e+00
7.323056798863321060e-01
4.451739084239553224e-01
-1.816890633100239072e-01
-1.303858813567054242e-01
1.093888240012377500e+00
-6.957305241544972096e-01
-1.498458801360402992e+00
-1.596922272147724531e+00
-1.113394202517964393e+00
-7.289760624380039467e-01
2.646061847967539071e-01
1.027566778430534900e+00
-3.867059759973135585e-02
8.899258298129651967e-01
8.697333041292499844e-01
-4.415011668426606639e-01
1.087167577589263495e-01
-1.970779608288806273e-01
-6.211747094210773312e-01
-1.880983719645804852e-01
4.815942970612179796e-01
1.235027270711785974e-01
-9.914589370344204511e-01
2.855911583443342394e-01
6.271263715604697975e-01
-1.477960303411690823e+00
3.142319299973061475e-01
6.544921181962156664e-01
1.526338432535454093e+00
4.005555116122611059e-02
7.157430464114629132e-01
2.869517476752682095e-01
-8.555775485519523382e-01
-1.266186626544789084e-01
-1.308206048055672532e+00
1.447581082400202446e+00
-4.588159561551052867e-01
-7.515361166858334219e-01
1.597794423516590567e-01
1.938969505061316934e+00
-1.622377644984944300e+00
-4.687377036522131779e-01
-8.146158177006189716e-01
-1.063341358391264535e+00
-7.396113422909339485e-01
-7.558150941098211451e-02
-1.222047406554617188e+00
-8.617605354053077260e-01
-5.721268758821134170e-01
1.098814180341054270e+00
3.967948494562978379e-01
-5.444869870969231140e-01
2.114296334873015382e-01
-1.161698265892640247e+00
2.443050943258001650e-01
1.624946603618644625e+00
3.431778413884603585e-01
-6.130205518610252202e-01
-2.417192866355429015e-01
1.703891902955796400e+00
1.226285110122270927e+00
-1.432568970660486940e+00
-1.581547304044755298e-01
4.682986811950475836e-01
7.132758464700780232e-01
-1.201715194776688422e+00
5.285890009149279978e-01
-1.654329179945160266e+00
-9.671858792765053447e-02
-2.354929122307261036e+00
2.529542766163462630e+00
1.249145732986820745e+00
1.782133463682377128e-01
-7.117742410696761279e-01
-6.189490424991255235e-01
9.531768403365961650e-02
-3.994182305147188639e-01
-2.876654528835015379e-01
7.546457900955616527e-01
